2000  1.852e-05  4.91935e-07 5
3000  3.042e-05  3.34664e-07 5
4000  3.882e-05  1.30384e-07 5
5000  5.442e-05  1.65439e-06 5
6000  6.514e-05  1.14018e-07 5
7000  7.512e-05  1.09545e-07 5
8000  8.324e-05  2.70185e-07 5
9000  9.764e-05  1.23612e-06 5
10000  0.00011466  3.1305e-07 5
11000  0.0001246  1.1e-06 5
12000  0.00013976  1.09225e-06 5
13000  0.00015098  5.71638e-06 5
14000  0.00015936  1.03827e-06 5
15000  0.00017084  2.81922e-06 5
16000  0.00017988  2.37634e-06 5
17000  0.00019616  3.54866e-06 5
18000  0.00021204  9.37017e-07 5
19000  0.00022774  9.31665e-07 5
20000  0.00024672  2.94822e-06 5
