2000  0.00147246  3.25962e-05 5
3000  0.0032708  2.71052e-05 5
4000  0.00581124  1.08096e-05 5
5000  0.00905858  5.03819e-05 5
6000  0.0130176  4.18942e-05 5
7000  0.017704  7.52842e-05 5
8000  0.0231515  8.93849e-05 5
9000  0.0310335  0.00171627 5
10000  0.0377171  0.00271745 5
11000  0.0437961  0.000120583 5
12000  0.0521147  9.99708e-05 5
13000  0.0615997  0.000586391 5
14000  0.0722082  0.00235516 5
15000  0.0810773  5.98284e-05 5
16000  0.092269  7.85221e-05 5
17000  0.104311  0.000206266 5
18000  0.116887  0.000464349 5
19000  0.130167  0.000313647 5
20000  0.145144  0.0011385 5
