2000  9.718e-05  2.16148e-06 5
3000  0.00014248  1.72794e-05 5
4000  0.00017234  2.71348e-06 5
5000  0.00022136  3.28831e-06 5
6000  0.0002625  1.91833e-06 5
7000  0.00035128  4.14643e-05 5
8000  0.00036288  2.62621e-06 5
9000  0.00041606  1.85418e-06 5
10000  0.00046856  1.86762e-06 5
11000  0.0005213  5.7057e-06 5
12000  0.00056842  2.43762e-06 5
13000  0.00062994  4.87268e-06 5
14000  0.00068152  2.46008e-06 5
15000  0.00072692  4.28801e-06 5
16000  0.00078564  6.44189e-06 5
17000  0.00082558  6.35232e-06 5
18000  0.00088754  5.08016e-06 5
19000  0.00094212  1.15992e-05 5
20000  0.0009786  3.55739e-06 5
