2000  3.482e-05  1.8913e-06 5
3000  5.594e-05  1.92432e-06 5
4000  7.634e-05  4.39318e-07 5
5000  0.00010038  1.21532e-06 5
6000  0.00012064  4.82701e-07 5
7000  0.00014814  8.88217e-06 5
8000  0.0001706  1.34164e-06 5
9000  0.00019324  1.15456e-06 5
10000  0.00022432  7.84264e-06 5
11000  0.00025928  2.43521e-05 5
12000  0.00030902  5.39444e-05 5
13000  0.00029336  1.03586e-06 5
14000  0.00031712  1.94345e-06 5
15000  0.0003469  3.88008e-06 5
16000  0.0003749  2.56807e-06 5
17000  0.00039644  5.04955e-06 5
18000  0.00042278  2.12297e-06 5
19000  0.00045928  2.56164e-06 5
20000  0.00048796  1.57575e-06 5
