2000  1.38e-06  1.30384e-07 5
3000  2.4e-06  2.34521e-07 5
4000  2.86e-06  2.60768e-07 5
5000  3.38e-06  4.47214e-08 5
6000  4.08e-06  1.30384e-07 5
7000  4.7e-06  0 5
8000  5.4e-06  0 5
9000  6.04e-06  5.47723e-08 5
10000  6.7e-06  0 5
11000  7.36e-06  5.47723e-08 5
12000  8.06e-06  5.47723e-08 5
13000  8.72e-06  4.47214e-08 5
14000  1.002e-05  1.38636e-06 5
15000  1.004e-05  5.47723e-08 5
16000  1.07e-05  0 5
17000  1.136e-05  5.47723e-08 5
18000  1.202e-05  4.47214e-08 5
19000  1.272e-05  4.47214e-08 5
20000  1.338e-05  4.47214e-08 5
