2000  0.0109908  4.91184e-05 5
3000  0.0246511  0.000124599 5
4000  0.0442272  0.000829316 5
5000  0.0689466  0.000499446 5
6000  0.0980901  0.000180739 5
7000  0.134531  0.00164508 5
8000  0.17561  0.0012892 5
9000  0.224198  0.00506156 5
10000  0.269853  0.00209719 5
11000  0.326297  0.00265899 5
12000  0.388969  0.00291466 5
13000  0.453314  0.000443393 5
14000  0.525462  0.000566877 5
15000  0.603162  0.000455847 5
16000  0.687026  0.00115554 5
17000  0.775224  0.000990798 5
18000  0.870282  0.00210053 5
19000  0.968138  0.00156828 5
20000  1.07267  0.0014291 5
