2000  1.4e-06  7.07107e-08 5
3000  2.02e-06  4.47214e-08 5
4000  2.7e-06  0 5
5000  3.38e-06  4.47214e-08 5
6000  4.06e-06  5.47723e-08 5
7000  4.72e-06  4.47214e-08 5
8000  5.36e-06  5.47723e-08 5
9000  6.04e-06  5.47723e-08 5
10000  6.7e-06  0 5
11000  7.38e-06  4.47214e-08 5
12000  8.04e-06  5.47723e-08 5
13000  8.7e-06  0 5
14000  9.36e-06  5.47723e-08 5
15000  1.002e-05  4.47214e-08 5
16000  1.07e-05  0 5
17000  1.136e-05  5.47723e-08 5
18000  1.21e-05  0 5
19000  1.278e-05  4.47214e-08 5
20000  1.342e-05  4.47214e-08 5
