2000  0.00542212  1.01986e-05 5
3000  0.0124248  2.50095e-05 5
4000  0.0221494  4.84383e-05 5
5000  0.0344267  0.000148855 5
6000  0.0483605  0.000214539 5
7000  0.0682762  0.000398969 5
8000  0.0891327  0.00036836 5
9000  0.111908  0.00124527 5
10000  0.138565  0.00078947 5
11000  0.166411  0.000586989 5
12000  0.197297  0.00227176 5
13000  0.22822  0.00151234 5
14000  0.262878  0.00168333 5
15000  0.30584  0.00297469 5
16000  0.345746  0.000878808 5
17000  0.39076  0.000976243 5
18000  0.43542  0.00153329 5
19000  0.48277  0.00098763 5
20000  0.535694  0.00149455 5
