2000  0.00094296  2.33017e-05 5
3000  0.00222646  8.94584e-06 5
4000  0.00389908  1.07362e-05 5
5000  0.0059193  0.000135549 5
6000  0.00851628  3.57932e-05 5
7000  0.0128505  0.000937009 5
8000  0.0154921  0.000438502 5
9000  0.019593  0.000570063 5
10000  0.0250001  0.00112099 5
11000  0.0300831  0.00164747 5
12000  0.0350485  0.00136356 5
13000  0.0397481  0.000172625 5
14000  0.0462699  0.000947896 5
15000  0.0528569  0.000669997 5
16000  0.0595628  0.000242262 5
17000  0.0686592  0.00159096 5
18000  0.0754146  0.000224535 5
19000  0.0837793  0.000649408 5
20000  0.0936257  0.00126656 5
