2000  0.00101854  0.000108059 5
3000  0.00219786  8.2012e-05 5
4000  0.00382882  9.12946e-05 5
5000  0.00593306  2.92047e-05 5
6000  0.00863348  0.000140156 5
7000  0.0137062  0.00201161 5
8000  0.016058  0.000881112 5
9000  0.0196908  0.000169432 5
10000  0.0240876  0.000114694 5
11000  0.028767  0.00019595 5
12000  0.0341291  8.75478e-05 5
13000  0.0406316  0.000741944 5
14000  0.0463655  6.39757e-05 5
15000  0.054924  0.0029533 5
16000  0.0600601  0.000430292 5
17000  0.0707223  0.0020278 5
18000  0.0765943  4.17707e-05 5
19000  0.0853896  0.000355938 5
20000  0.0950127  0.00141589 5
