2000  0.00109282  0.000161826 5
3000  0.00228236  3.26287e-05 5
4000  0.00394616  5.54644e-06 5
5000  0.0060695  5.13248e-05 5
6000  0.00869862  3.93235e-05 5
7000  0.0117013  2.49917e-05 5
8000  0.0156633  0.00068729 5
9000  0.0192244  6.58958e-05 5
10000  0.0256087  0.0010618 5
11000  0.0291138  0.000121424 5
12000  0.034071  8.9495e-05 5
13000  0.0399204  8.501e-05 5
14000  0.0462525  5.0823e-05 5
15000  0.0557016  0.00311778 5
16000  0.0606571  0.000370295 5
17000  0.0682089  0.00046412 5
18000  0.0764218  0.00122042 5
19000  0.0844742  0.000141473 5
20000  0.0934918  0.000104244 5
