2000  0.0009454  1.0122e-05 5
3000  0.00213766  5.41052e-05 5
4000  0.0037736  3.59776e-05 5
5000  0.00590132  4.16357e-05 5
6000  0.00849216  4.22702e-05 5
7000  0.0126085  0.00122176 5
8000  0.0164734  0.00209197 5
9000  0.0191128  0.000275769 5
10000  0.0238241  0.00059695 5
11000  0.0288107  0.00123378 5
12000  0.0336505  0.00014495 5
13000  0.0409008  0.00309056 5
14000  0.0456488  9.60022e-05 5
15000  0.052944  0.001252 5
16000  0.059556  0.000104053 5
17000  0.0681739  0.00121813 5
18000  0.075704  0.000970092 5
19000  0.0835869  0.000200491 5
20000  0.0929154  0.000167666 5
