2000  6.052e-05  2.68831e-06 5
3000  9.766e-05  2.86409e-06 5
4000  0.00013804  2.25344e-06 5
5000  0.00017238  1.95627e-06 5
6000  0.00021356  2.82542e-06 5
7000  0.00025386  2.99466e-06 5
8000  0.00029804  2.44602e-06 5
9000  0.00035118  1.3197e-05 5
10000  0.00039436  1.02819e-05 5
11000  0.00042148  4.8659e-06 5
12000  0.00045862  3.63139e-06 5
13000  0.00051364  6.96333e-06 5
14000  0.00056008  4.83963e-06 5
15000  0.00059652  5.80233e-06 5
16000  0.00064402  2.42425e-06 5
17000  0.00069374  8.52045e-06 5
18000  0.0007344  5.89619e-06 5
19000  0.00076756  3.21838e-06 5
20000  0.00081436  5.70509e-06 5
