2000  9.98e-06  6.26099e-07 5
3000  1.852e-05  2.31991e-06 5
4000  2.064e-05  1.14018e-07 5
5000  3.11e-05  7.31437e-07 5
6000  5.222e-05  1.29878e-05 5
7000  4.1e-05  3.14404e-06 5
8000  4.456e-05  1.25817e-06 5
9000  5.008e-05  1.25379e-06 5
10000  7.856e-05  1.00194e-05 5
11000  6.766e-05  1.2661e-06 5
12000  0.00012096  2.21288e-05 5
13000  8.388e-05  2.25655e-06 5
14000  9.978e-05  5.91414e-06 5
15000  0.00010038  1.00681e-05 5
16000  9.65e-05  2.21585e-06 5
17000  0.00010326  7.70065e-07 5
18000  0.00011326  1.54046e-05 5
19000  0.00012776  1.83521e-06 5
20000  0.00015906  2.30607e-05 5
