2000  7.2e-06  7.07107e-08 5
3000  1.162e-05  4.47214e-08 5
4000  1.59e-05  0 5
5000  2.238e-05  1.09545e-07 5
6000  2.662e-05  1.66643e-06 5
7000  3.1e-05  7.34847e-07 5
8000  3.448e-05  5.4037e-07 5
9000  4.352e-05  1.44291e-06 5
10000  4.728e-05  1.92354e-07 5
11000  5.166e-05  1.2661e-06 5
12000  5.486e-05  5.47723e-08 5
13000  6.26e-05  7.72237e-06 5
14000  6.614e-05  3.4479e-06 5
15000  7.17e-05  1.97611e-06 5
16000  7.482e-05  2.16795e-07 5
17000  8.822e-05  2.65273e-06 5
18000  9.6e-05  8.22223e-06 5
19000  0.00010198  8.04686e-06 5
20000  0.00010116  1.31072e-06 5
