2000  7.76e-06  3.78153e-07 5
3000  1.246e-05  2.50998e-07 5
4000  1.622e-05  1.64317e-07 5
5000  3.058e-05  2.32207e-06 5
6000  2.648e-05  1.92354e-07 5
7000  2.958e-05  3.11448e-07 5
8000  3.59e-05  2.04083e-06 5
9000  6.42e-05  4.88057e-06 5
10000  6.642e-05  2.6414e-06 5
11000  5.156e-05  2.35436e-06 5
12000  5.51e-05  1.12472e-06 5
13000  5.866e-05  2.79285e-07 5
14000  6.304e-05  1.37586e-06 5
15000  6.812e-05  1.30384e-07 5
16000  7.22e-05  2.3696e-06 5
17000  8.318e-05  3.48669e-06 5
18000  0.0001254  2.69355e-05 5
19000  0.000102  4.03733e-06 5
20000  9.798e-05  2.3467e-06 5
