2000  0.00125226  3.88042e-05 5
3000  0.00280848  0.000103382 5
4000  0.00487442  5.46883e-05 5
5000  0.00760456  6.95575e-05 5
6000  0.0110454  6.66611e-05 5
7000  0.0147862  9.38964e-05 5
8000  0.0192932  0.00011929 5
9000  0.0244087  0.000233373 5
10000  0.0301438  8.62297e-05 5
11000  0.0364103  0.000319895 5
12000  0.0431647  0.000318941 5
13000  0.0512921  0.00128603 5
14000  0.0602353  0.000934238 5
15000  0.0680403  0.000632254 5
16000  0.0778697  0.00325207 5
17000  0.086361  0.000268568 5
18000  0.0974512  0.00159895 5
19000  0.10752  0.000247453 5
20000  0.119372  0.000362137 5
