2000  7.044e-05  2.41309e-06 5
3000  0.00011608  2.33495e-06 5
4000  0.00016146  3.60805e-06 5
5000  0.0002043  2.67395e-06 5
6000  0.0002724  2.59755e-05 5
7000  0.00029912  7.70078e-06 5
8000  0.0003375  2.745e-06 5
9000  0.00038894  5.58328e-06 5
10000  0.00042936  8.56113e-06 5
11000  0.00047738  1.23774e-06 5
12000  0.00054176  6.94104e-06 5
13000  0.00059614  4.253e-06 5
14000  0.00063364  4.17768e-06 5
15000  0.00068252  4.20262e-06 5
16000  0.00074226  4.43599e-06 5
17000  0.00080876  1.99578e-05 5
18000  0.00087062  3.73996e-05 5
19000  0.00096066  5.98965e-05 5
20000  0.00097392  4.59717e-05 5
