2000  0.00097226  2.59095e-06 5
3000  0.00217936  7.45171e-06 5
4000  0.00391788  8.19666e-05 5
5000  0.00605318  3.65556e-05 5
6000  0.00869948  1.9987e-05 5
7000  0.0117926  3.90569e-05 5
8000  0.0153634  1.6728e-05 5
9000  0.0193537  7.6298e-05 5
10000  0.0243642  0.000858177 5
11000  0.0288679  6.6931e-05 5
12000  0.0344625  3.97534e-05 5
13000  0.0405092  6.19381e-05 5
14000  0.0480516  0.00177392 5
15000  0.0556452  0.00123723 5
16000  0.0622444  0.000273473 5
17000  0.0701859  0.000339569 5
18000  0.0793849  0.000263083 5
19000  0.086866  0.000330917 5
20000  0.0954875  0.000322603 5
