2000  0.00160926  0.0005055 5
3000  0.0024407  3.13121e-05 5
4000  0.00435526  0.000104443 5
5000  0.00697152  0.000221303 5
6000  0.0096277  5.07754e-05 5
7000  0.0132656  0.000274142 5
8000  0.0180938  0.00172182 5
9000  0.0245809  0.000867123 5
10000  0.0283413  0.000429331 5
11000  0.0335887  0.000481061 5
12000  0.0395054  0.000891355 5
13000  0.0469823  0.000301014 5
14000  0.0552558  0.001174 5
15000  0.064524  0.0018054 5
16000  0.0735767  0.0031871 5
17000  0.080721  0.000552408 5
18000  0.0919641  0.00272349 5
19000  0.0996183  0.00190482 5
20000  0.112272  0.00106689 5
